30
0,0
1,0
1,1
0,1
1,33917/46112
0,33917/46112
0,29813043/463483240
1,29813043/463483240
1,42165309147/825404661664
0,42165309147/825404661664
1,207127286379/2670426846560
0,207127286379/2670426846560
0,34649987869179267/46243781701879520
1,34649987869179267/46243781701879520
0,33377872296619123/46243781701879520
1,33377872296619123/46243781701879520
1,109723255391106902649/756686999987854585760
0,109723255391106902649/756686999987854585760
0,1892043814117851939088557/11269339490819118345723680
1,1892043814117851939088557/11269339490819118345723680
0,1376173070961658263214557/11269339490819118345723680
1,1376173070961658263214557/11269339490819118345723680
0,250247962587040017421263/38315754268785002375460512
1,250247962587040017421263/38315754268785002375460512
1,116483256870764284499396069009/532329789527822693296949472160
0,116483256870764284499396069009/532329789527822693296949472160
1,5573994541715960258826911459386521/7218924275786803543799931791961760
0,5573994541715960258826911459386521/7218924275786803543799931791961760
0,5045551548753375957128253642451049/7218924275786803543799931791961760
1,5045551548753375957128253642451049/7218924275786803543799931791961760
14
4 0 1 23 22
4 22 23 8 9
4 7 6 9 8
4 10 11 6 7
4 11 10 21 20
4 20 21 16 17
4 17 16 19 18
4 24 25 18 19
4 25 24 29 28
4 28 29 15 14
4 14 15 4 5
4 5 4 13 12
4 2 3 27 26
4 26 27 12 13
0,12968344643416866738363510559453/22624016054932464465120352566800
1,12968344643416866738363510559453/22624016054932464465120352566800
1,450209/576400
0,450209/576400
1,3280809656694833948417514236870423/3281329216266728883545423541800800
0,3280809656694833948417514236870423/3281329216266728883545423541800800
0,12407664374810344622871322279063/22624016054932464465120352566800
1,12407664374810344622871322279063/22624016054932464465120352566800
1,1424486380493482334932416675193/2661648947639113466484747360800
0,1424486380493482334932416675193/2661648947639113466484747360800
1,1424486380493482334932416675193/2661648947639113466484747360800
0,1424486380493482334932416675193/2661648947639113466484747360800
0,35592444556236568978438587276515973/36094621378934017718999658959808800
1,35592444556236568978438587276515973/36094621378934017718999658959808800
0,35592444556236568978438587276515973/36094621378934017718999658959808800
1,35592444556236568978438587276515973/36094621378934017718999658959808800
1,134740991682015487063859199263/241968086149010315134977032800
0,134740991682015487063859199263/241968086149010315134977032800
0,1543071374238343159370601536893/2661648947639113466484747360800
1,1543071374238343159370601536893/2661648947639113466484747360800
0,1543071374238343159370601536893/2661648947639113466484747360800
1,1543071374238343159370601536893/2661648947639113466484747360800
0,1543071374238343159370601536893/2661648947639113466484747360800
1,1543071374238343159370601536893/2661648947639113466484747360800
1,1407527458121946597107252026893/2661648947639113466484747360800
0,1407527458121946597107252026893/2661648947639113466484747360800
1,36417090371236425278531162489795973/36094621378934017718999658959808800
0,36417090371236425278531162489795973/36094621378934017718999658959808800
0,36417090371236425278531162489795973/36094621378934017718999658959808800
1,36417090371236425278531162489795973/36094621378934017718999658959808800
