14
0,0
1,0
1,1
0,1
1,6905/12217
0,6905/12217
0,75133305/983517368
1,75133305/983517368
1,122654985765/18049510737536
0,122654985765/18049510737536
1,2635037840955/18049510737536
0,2635037840955/18049510737536
0,17767986083525/18049510737536
1,17767986083525/18049510737536
6
4 5 4 13 12
4 12 13 2 3
4 4 5 11 10
4 10 11 6 7
4 7 6 9 8
4 8 9 0 1
9999999999999999998,-560044477/1967034736
9999999999999999999,-560044477/1967034736
9999999999999999999,-2490049226353/9024755368768
9999999999999999998,-2490049226353/9024755368768
9999999999999999999,24961/195472
9999999999999999998,24961/195472
9999999999999999998,-105406096819/474987124672
9999999999999999999,-105406096819/474987124672
9999999999999999999,-5261623106717/18049510737536
9999999999999999998,-5261623106717/18049510737536
9999999999999999999,-5261623106717/18049510737536
9999999999999999998,-5261623106717/18049510737536
9999999999999999998,-5261623106717/18049510737536
9999999999999999999,-5261623106717/18049510737536
