28
0,0
1,0
1,1
0,1
8240/37571,0
8240/37571,1
144251375/172037609,1
144251375/172037609,0
533738826880/6995221219549,1
533738826880/6995221219549,0
2534618302240/6995221219549,0
2534618302240/6995221219549,1
7295917391173385/17844809331069499,1
7295917391173385/17844809331069499,0
5635705186855095/17844809331069499,1
5635705186855095/17844809331069499,0
531461645211735/17844809331069499,0
531461645211735/17844809331069499,1
2191673849530025/17844809331069499,0
2191673849530025/17844809331069499,1
145439070786585528623/184675931767238245151,0
145439070786585528623/184675931767238245151,1
164257829114299478627/184675931767238245151,0
164257829114299478627/184675931767238245151,1
19787299161355694552831859/20791739778014517830325335,1
19787299161355694552831859/20791739778014517830325335,0
15079926313985443988409391/20791739778014517830325335,1
15079926313985443988409391/20791739778014517830325335,0
13
4 4 5 19 18
4 18 19 8 9
4 9 8 17 16
4 16 17 3 0
4 5 4 15 14
4 14 15 10 11
4 11 10 13 12
4 12 13 27 26
4 26 27 20 21
4 7 6 21 20
4 22 23 6 7
4 23 22 25 24
4 24 25 1 2
28349/150284,0
293822955/688150436,0
293822955/688150436,1
28349/150284,1
7145010940131/27980884878196,0
7145010940131/27980884878196,1
38588059408489457239268653/83166959112058071321301340,1
38588059408489457239268653/83166959112058071321301340,0
14659284642260621/71379237324277996,1
14659284642260621/71379237324277996,0
14659284642260621/71379237324277996,0
14659284642260621/71379237324277996,1
11338860233624041/71379237324277996,1
11338860233624041/71379237324277996,0
11338860233624041/71379237324277996,1
11338860233624041/71379237324277996,0
11338860233624041/71379237324277996,0
11338860233624041/71379237324277996,1
11338860233624041/71379237324277996,0
11338860233624041/71379237324277996,1
34350639595838107116867973/83166959112058071321301340,0
34350639595838107116867973/83166959112058071321301340,1
34350639595838107116867973/83166959112058071321301340,0
34350639595838107116867973/83166959112058071321301340,1
39527965477927258123312229/83166959112058071321301340,1
39527965477927258123312229/83166959112058071321301340,0
39527965477927258123312229/83166959112058071321301340,1
39527965477927258123312229/83166959112058071321301340,0
