6
0,0
1,0
1,1
0,1
1,5528/34347
0,5528/34347
2
4 2 3 5 4
4 4 5 0 1
0,46523890146862109243659937349146193177393500527626223414827391470247017571/140270907292596327495687139491714474501527537632676613313263273732444828500
1,46523890146862109243659937349146193177393500527626223414827391470247017571/140270907292596327495687139491714474501527537632676613313263273732444828500
1,37114895983137253598247045579827833948617317210364783581453618578919437/36755412863812471175391861164743071316672426665912292771402726980289500
0,37114895983137253598247045579827833948617317210364783581453618578919437/36755412863812471175391861164743071316672426665912292771402726980289500
1,71843696336867880845124409207872013452658776713157618764377416161727600713/420812721877788982487061418475143423504582612898029839939789821197334485500
0,71843696336867880845124409207872013452658776713157618764377416161727600713/420812721877788982487061418475143423504582612898029839939789821197334485500
