14
0,0
1,0
1,1
0,1
1,1325/10828
0,1325/10828
0,193180225/244886048
1,193180225/244886048
1,3432264019/5571157592
0,3432264019/5571157592
1,10714872437/11142315184
0,10714872437/11142315184
0,1020158643415/3054586119728
1,1020158643415/3054586119728
6
4 4 5 0 1
4 5 4 13 12
4 12 13 8 9
4 7 6 9 8
4 10 11 6 7
4 2 3 11 10
0,258503009137237/3013349207111672
1,258503009137237/3013349207111672
1,58048054345/241580086352
0,58048054345/241580086352
1,627240328995287/3013349207111672
0,627240328995287/3013349207111672
0,4654705471225/43967575716064
1,4654705471225/43967575716064
1,3062858742613/10991893929016
0,3062858742613/10991893929016
1,3062858742613/10991893929016
0,3062858742613/10991893929016
0,-20817705751121/6026698414223344
1,-20817705751121/6026698414223344
