12
0,0
1,0
1,1
0,1
1,19006/25255
0,19006/25255
0,5962767/32831500
1,5962767/32831500
1,410742823197/2401230247000
0,410742823197/2401230247000
1,92293376499/480246049400
0,92293376499/480246049400
5
4 2 3 5 4
4 4 5 11 10
4 10 11 6 7
4 7 6 9 8
4 8 9 0 1
0,-40209289/459641000
1,-40209289/459641000
1,384779/7071400
0,384779/7071400
1,2134499/7071400
0,2134499/7071400
0,-4168079044277/16808611729000
1,-4168079044277/16808611729000
1,-217280662591/840430586450
0,-217280662591/840430586450
1,-217280662591/840430586450
0,-217280662591/840430586450
