6
0,0
209966103618627400958904069682045692427225863400137200420003413641213/216315347312652991079424577643015833842938173471101018470566988873728,0
1,0
0,1
209966103618627400958904069682045692427225863400137200420003413641213/216315347312652991079424577643015833842938173471101018470566988873728,1
1,1
2
4 0 1 4 3
4 1 2 5 4
0,0
209966103618627400958904069682045692427225863400137200420003413641213/216315347312652991079424577643015833842938173471101018470566988873728,0
101808429962300905419191780860537775505756776664586691184719919204349/108157673656326495539712288821507916921469086735550509235283494436864,0
0,1
209966103618627400958904069682045692427225863400137200420003413641213/216315347312652991079424577643015833842938173471101018470566988873728,1
101808429962300905419191780860537775505756776664586691184719919204349/108157673656326495539712288821507916921469086735550509235283494436864,1
