34
0,0
1,0
1,1
0,1
1,1/2
0,1/2
0,3/4
1,3/4
0,1/4
1,1/4
1,1/8
0,1/8
1,3/8
0,3/8
1,5/8
0,5/8
1,7/8
0,7/8
0,15/16
1,15/16
0,13/16
1,13/16
0,11/16
1,11/16
0,9/16
1,9/16
0,7/16
1,7/16
0,5/16
1,5/16
0,3/16
1,3/16
0,1/16
1,1/16
16
4 0 1 33 32
4 32 33 10 11
4 11 10 31 30
4 30 31 9 8
4 8 9 29 28
4 28 29 12 13
4 13 12 27 26
4 26 27 4 5
4 5 4 25 24
4 24 25 14 15
4 15 14 23 22
4 22 23 7 6
4 6 7 21 20
4 20 21 16 17
4 17 16 19 18
4 18 19 2 3
13370,0
13371,0
13371,0
13370,0
13371,0
13370,0
13370,0
13371,0
13370,0
13371,0
13371,0
13370,0
13371,0
13370,0
13371,0
13370,0
13371,0
13370,0
13370,1/16
13371,1/16
13370,1/16
13371,1/16
13370,1/16
13371,1/16
13370,1/16
13371,1/16
13370,1/16
13371,1/16
13370,1/16
13371,1/16
13370,1/16
13371,1/16
13370,1/16
13371,1/16
