18
0,0
1,0
1,1
0,1
1,6034/51197
0,6034/51197
0,1119423379/9191090228
1,1119423379/9191090228
0,1047072253/9191090228
1,1047072253/9191090228
1,24679037146823/308737911848748
0,24679037146823/308737911848748
1,48095717627689/308737911848748
0,48095717627689/308737911848748
0,576989290034377897/2565689231941058067
1,576989290034377897/2565689231941058067
0,27787115830510451/2565689231941058067
1,27787115830510451/2565689231941058067
8
4 0 1 17 16
4 16 17 10 11
4 9 8 11 10
4 8 9 4 5
4 5 4 7 6
4 12 13 6 7
4 13 12 15 14
4 14 15 2 3
0,12068/51197
1,12068/51197
1,1
0,1
1,225729565537788590/855229743980352689
0,225729565537788590/855229743980352689
0,889453736522373809/3420918975921410756
1,889453736522373809/3420918975921410756
0,889453736522373809/3420918975921410756
1,889453736522373809/3420918975921410756
1,3017164570613013127/10262756927764232268
0,3017164570613013127/10262756927764232268
1,3017164570613013127/10262756927764232268
0,3017164570613013127/10262756927764232268
0,576989290034377897/2565689231941058067
1,576989290034377897/2565689231941058067
0,576989290034377897/2565689231941058067
1,576989290034377897/2565689231941058067
