6
0,0
1,0
1,1
0,1
11753/17062,0
11753/17062,1
2
4 1 2 5 4
4 4 5 3 0
3858250964163664151601655629294465108668563029965419164112966496665611407088786419153324370999392168551412858674546713514313652228812060119751238732640772923784953672422761029791382906861291063158433093372952049727543548976754888997758661424760508468677735916443826088508745872423830978304455970762649,34724258677472977364414900663650185978017067269688772477016698469990502663799077772379919338994529516962715728070920421628822870059308541077761148593766956314064583051804849268122446161751619568425897840356568447547891940790794000979827952822844576218099623247994434796578712851814478804740103736863841
32914738975280218877313724173511081842051511208634990889047717183054330913874436941797010208995814589912103097352558012990609767163995684881597817628158433812809439779438574345150287578433674059804592719564653936225674016320695958039879140614631897746289765103182280361068111037647702075915313886576161841/8531,34724258677472977364414900663650185978017067269688772477016698469990502663799077772379919338994529516962715728070920421628822870059308541077761148593766956314064583051804849268122446161751619568425897840356568447547891940790794000979827952822844576218099623247994434796578712851814478804740103736863841
32914738975280218877313724173511081842051511208634990889047717183054330913874436941797010208995814589912103097352558012990609767163995684881597817628158433812809439779438574345150287578433674059804592719564653936225674016320695958039879140614631897746289765103182280361068111037647702075915313886576161841/8531,34724258677472977364414900663650185978017067269688772477016698469990502663799077772379919338994529516962715728070920421628822870059308541077761148593766956314064583051804849268122446161751619568425897840356568447547891940790794000979827952822844576218099623247994434796578712851814478804740103736863842
3858250964163664151601655629294465108668563029965419164112966496665611407088786419153324370999392168551412858674546713514313652228812060119751238732640772923784953672422761029791382906861291063158433093372952049727543548976754888997758661424760508468677735916443826088508745872423830978304455970762649,34724258677472977364414900663650185978017067269688772477016698469990502663799077772379919338994529516962715728070920421628822870059308541077761148593766956314064583051804849268122446161751619568425897840356568447547891940790794000979827952822844576218099623247994434796578712851814478804740103736863842
65829477950560437754627448347022163684103022417269981778095434366108661827748873883594020417991629179824206194705116025981219534327991369763195635256316867625618879558877148690300575156867348119609185439129307872451348032641391916079758281229263795492579530206364560722136222075295404151830627773152328991/17062,34724258677472977364414900663650185978017067269688772477016698469990502663799077772379919338994529516962715728070920421628822870059308541077761148593766956314064583051804849268122446161751619568425897840356568447547891940790794000979827952822844576218099623247994434796578712851814478804740103736863841
65829477950560437754627448347022163684103022417269981778095434366108661827748873883594020417991629179824206194705116025981219534327991369763195635256316867625618879558877148690300575156867348119609185439129307872451348032641391916079758281229263795492579530206364560722136222075295404151830627773152328991/17062,34724258677472977364414900663650185978017067269688772477016698469990502663799077772379919338994529516962715728070920421628822870059308541077761148593766956314064583051804849268122446161751619568425897840356568447547891940790794000979827952822844576218099623247994434796578712851814478804740103736863842
