16
0,0
1,0
1,1
0,1
1,14048/17899
0,14048/17899
0,117918912/1341870131
1,117918912/1341870131
1,167156351264/246712408371
0,167156351264/246712408371
0,1540750995040/1726986858597
1,1540750995040/1726986858597
0,614297854421920/4061955328889601
1,614297854421920/4061955328889601
1,697223466963488/28433687302227207
0,697223466963488/28433687302227207
7
4 7 6 15 14
4 14 15 0 1
4 6 7 13 12
4 12 13 8 9
4 4 5 9 8
4 10 11 2 3
4 5 4 11 10
0,691146087/26837402620
1,691146087/26837402620
1,150243/357980
0,150243/357980
1,14514363239249/34539737171940
0,14514363239249/34539737171940
0,36729252852286699/568673746044544140
1,36729252852286699/568673746044544140
1,2602989800167/4934248167420
0,2602989800167/4934248167420
0,2602989800167/4934248167420
1,2602989800167/4934248167420
0,100091101769597/81239106577792020
1,100091101769597/81239106577792020
1,100091101769597/81239106577792020
0,100091101769597/81239106577792020
