6
0,0
1,0
1,1
0,1
1,9551/30969
0,9551/30969
2
4 2 3 5 4
4 4 5 0 1
-428694551573740461289072847699385012074284781107268796012551832962845711898754046572591596777710240950156984297171857057145961358756895568861248748071196991531661519158084558865709211873476784795381454819216894414171505441861654333084295713862278718741970657382647343167638430269314553144939552306961,-9678380102843945723987085527873243485978895006474924353566571214254222892956742755795503498083894261497365090443655010836807139165800535877734665097203319830812394652782099392860356316649573157731234671962023114268995989629150894747098626838736063128084945091304256860937215424770583346935966453642426608259/30969
-428694551573740461289072847699385012074284781107268796012551832962845711898754046572591596777710240950156984297171857057145961358756895568861248748071196991531661519158084558865709211873476784795381454819216894414171505441861654333084295713862278718741970657382647343167638430269314553144939552306960,-9678380102843945723987085527873243485978895006474924353566571214254222892956742755795503498083894261497365090443655010836807139165800535877734665097203319830812394652782099392860356316649573157731234671962023114268995989629150894747098626838736063128084945091304256860937215424770583346935966453642426608259/30969
-428694551573740461289072847699385012074284781107268796012551832962845711898754046572591596777710240950156984297171857057145961358756895568861248748071196991531661519158084558865709211873476784795381454819216894414171505441861654333084295713862278718741970657382647343167638430269314553144939552306960,-312518328097256796279734105972851673802153605427198952293150286229914523974191699951419274050950765652664441552638283794659405830533776869699850337343902606826581247466243643413102015455764576115833080563209116027931027467117146008818451575405601185962896609231949913169208415666330309242660933631774568
-428694551573740461289072847699385012074284781107268796012551832962845711898754046572591596777710240950156984297171857057145961358756895568861248748071196991531661519158084558865709211873476784795381454819216894414171505441861654333084295713862278718741970657382647343167638430269314553144939552306961,-312518328097256796279734105972851673802153605427198952293150286229914523974191699951419274050950765652664441552638283794659405830533776869699850337343902606826581247466243643413102015455764576115833080563209116027931027467117146008818451575405601185962896609231949913169208415666330309242660933631774568
-428694551573740461289072847699385012074284781107268796012551832962845711898754046572591596777710240950156984297171857057145961358756895568861248748071196991531661519158084558865709211873476784795381454819216894414171505441861654333084295713862278718741970657382647343167638430269314553144939552306960,-9678380102843945723987085527873243485978895006474924353566571214254222892956742755795503498083894261497365090443655010836807139165800535877734665097203319830812394652782099392860356316649573157731234671962023114268995989629150894747098626838736063128084945091304256860937215424770583346935966453642426617810/30969
-428694551573740461289072847699385012074284781107268796012551832962845711898754046572591596777710240950156984297171857057145961358756895568861248748071196991531661519158084558865709211873476784795381454819216894414171505441861654333084295713862278718741970657382647343167638430269314553144939552306961,-9678380102843945723987085527873243485978895006474924353566571214254222892956742755795503498083894261497365090443655010836807139165800535877734665097203319830812394652782099392860356316649573157731234671962023114268995989629150894747098626838736063128084945091304256860937215424770583346935966453642426617810/30969
