12
0,0
1,0
1,1
0,1
1,11111/11458
0,11111/11458
0,444406667/447526564
1,444406667/447526564
0,423540209/447526564
1,423540209/447526564
1,507401170382/5721291475817
0,507401170382/5721291475817
5
4 6 7 2 3
4 5 4 7 6
4 8 9 4 5
4 9 8 11 10
4 10 11 0 1
0,1014802340764/5721291475817
1,1014802340764/5721291475817
1,5382/5729
0,5382/5729
1,103276745/111881641
0,103276745/111881641
0,423540209/447526564
1,423540209/447526564
0,423540209/447526564
1,423540209/447526564
1,507401170382/5721291475817
0,507401170382/5721291475817
