6
0,0
1,0
0,18018223312581453164840746167286773026391322788503655575650471891514813/18377706431906235587695930582371535658336213332956146385701363490144750
1,18018223312581453164840746167286773026391322788503655575650471891514813/18377706431906235587695930582371535658336213332956146385701363490144750
0,1
1,1
2
4 0 1 3 2
4 2 3 5 4
0,359483119324782422855184415084762631944890544452490810050891598629937/18377706431906235587695930582371535658336213332956146385701363490144750
1,359483119324782422855184415084762631944890544452490810050891598629937/18377706431906235587695930582371535658336213332956146385701363490144750
0,1
1,1
0,18018223312581453164840746167286773026391322788503655575650471891514813/18377706431906235587695930582371535658336213332956146385701363490144750
1,18018223312581453164840746167286773026391322788503655575650471891514813/18377706431906235587695930582371535658336213332956146385701363490144750
