12
0,0
1,0
1,1
0,1
1,66969/99040
0,66969/99040
0,2062712169/2799266560
1,2062712169/2799266560
0,1722911463/2799266560
1,1722911463/2799266560
1,8643846809871/30027032572480
0,8643846809871/30027032572480
5
4 6 7 2 3
4 5 4 7 6
4 8 9 4 5
4 9 8 11 10
4 10 11 0 1
0,1278363873387/3002703257248
1,1278363873387/3002703257248
1,10021/49520
0,10021/49520
1,566560563/1399633280
0,566560563/1399633280
0,1303021479/2799266560
1,1303021479/2799266560
0,1303021479/2799266560
1,1303021479/2799266560
1,4139791923999/30027032572480
0,4139791923999/30027032572480
