6
0,0
1,0
1,1
0,1
1,944840729361867472700182339137548090482253824585311018793631427561/2733179202125915852514700506472150514508136055788826384143322089156
0,944840729361867472700182339137548090482253824585311018793631427561/2733179202125915852514700506472150514508136055788826384143322089156
2
4 2 3 5 4
4 4 5 0 1
1788338472764048379814518167334602424025882231203515365349690661595/2733179202125915852514700506472150514508136055788826384143322089156,1
1788338472764048379814518167334602424025882231203515365349690661595/2733179202125915852514700506472150514508136055788826384143322089156,0
944840729361867472700182339137548090482253824585311018793631427561/2733179202125915852514700506472150514508136055788826384143322089156,0
944840729361867472700182339137548090482253824585311018793631427561/2733179202125915852514700506472150514508136055788826384143322089156,1
1,0
1,1
