14
0,0
1,0
1,1
0,1
3169/10341,0
3169/10341,1
70391063/100807515,1
70391063/100807515,0
83908313899/6251376427695,1
83908313899/6251376427695,0
3747560963611/6251376427695,0
3747560963611/6251376427695,1
4982761016027/6251376427695,0
4982761016027/6251376427695,1
6
4 1 2 13 12
4 12 13 6 7
4 7 6 11 10
4 10 11 5 4
4 3 0 9 8
4 8 9 4 5
3518363971537/16670337140520,0
17374343/806460120,0
17374343/806460120,1
3518363971537/16670337140520,1
-5671/82728,0
-5671/82728,1
6285558216139/50011011421560,1
6285558216139/50011011421560,0
11226358425803/50011011421560,1
11226358425803/50011011421560,0
11226358425803/50011011421560,0
11226358425803/50011011421560,1
11226358425803/50011011421560,0
11226358425803/50011011421560,1
