12
0,0
1,0
1,1
0,1
1,7483/13324
0,7483/13324
0,12309535/103097781
1,12309535/103097781
1,5447066838269/17527859943372
0,5447066838269/17527859943372
0,14240861104729/17527859943372
1,14240861104729/17527859943372
5
4 5 4 11 10
4 10 11 2 3
4 4 5 9 8
4 8 9 6 7
4 0 1 7 6
0,-1279789836703/23370479924496
1,-1279789836703/23370479924496
1,4262507806747/70111439773488
0,4262507806747/70111439773488
1,6615/53296
0,6615/53296
0,4531705147571/70111439773488
1,4531705147571/70111439773488
1,-8885487547825/70111439773488
0,-8885487547825/70111439773488
0,-8885487547825/70111439773488
1,-8885487547825/70111439773488
