16
0,0
1,0
1,1
0,1
1,27962/33367
0,27962/33367
0,13323893/246548763
1,13323893/246548763
1,6965212858901/34709627952666
0,6965212858901/34709627952666
0,130017183663520967/240954237247407372
1,130017183663520967/240954237247407372
0,4873933688790837559669/24476613328066135662504
1,4873933688790837559669/24476613328066135662504
1,4949555178764087548019/24476613328066135662504
0,4949555178764087548019/24476613328066135662504
7
4 2 3 5 4
4 10 11 4 5
4 11 10 15 14
4 14 15 9 8
4 6 7 13 12
4 12 13 8 9
4 0 1 7 6
0,12570869398211/23139751968444
1,12570869398211/23139751968444
1,2580021398176465/3950069463072252
0,2580021398176465/3950069463072252
1,118349997340125385/240954237247407372
0,118349997340125385/240954237247407372
0,41464136803285/69419255905332
1,41464136803285/69419255905332
1,2776629813941811614455/6119153332016533915626
0,2776629813941811614455/6119153332016533915626
0,95127871487686405/120477118623703686
1,95127871487686405/120477118623703686
0,11068708510780621463645/24476613328066135662504
1,11068708510780621463645/24476613328066135662504
1,11068708510780621463645/24476613328066135662504
0,11068708510780621463645/24476613328066135662504
