6
0,0
1,0
0,164352930679498660361457285940442/170426456897283259116917198118267
1,164352930679498660361457285940442/170426456897283259116917198118267
0,1
1,1
2
4 0 1 3 2
4 2 3 5 4
0,287971099331423/1657657706524008
1,287971099331423/1657657706524008
0,80908851301213190461646013/71092132294724260400416184
1,80908851301213190461646013/71092132294724260400416184
0,4940654902214079363861417494103142199/4481534110570960581738454641717949032
1,4940654902214079363861417494103142199/4481534110570960581738454641717949032
