16
0,0
1,0
1,1
0,1
1,13672/13767
0,13672/13767
0,276311120/290167059
1,276311120/290167059
1,7748178271480/8507408002821
0,7748178271480/8507408002821
1,11804364448322480/12344249012093271
0,11804364448322480/12344249012093271
0,11705218492244080/12344249012093271
1,11705218492244080/12344249012093271
0,1197777205732320/1371583223565919
1,1197777205732320/1371583223565919
7
4 0 1 15 14
4 14 15 8 9
4 9 8 13 12
4 12 13 7 6
4 4 5 11 10
4 10 11 6 7
4 2 3 5 4
0,0
1,0
1,358981887333571/425663759037699
0,358981887333571/425663759037699
1,356044569318856/425663759037699
0,356044569318856/425663759037699
0,7395190815680/8507408002821
1,7395190815680/8507408002821
1,10317383031264280/12344249012093271
0,10317383031264280/12344249012093271
1,1197777205732320/1371583223565919
0,1197777205732320/1371583223565919
0,1197777205732320/1371583223565919
1,1197777205732320/1371583223565919
0,1197777205732320/1371583223565919
1,1197777205732320/1371583223565919
