12
0,0
1,0
1,1
0,1
1,26657/27998
0,26657/27998
0,1392028540/1418980637
1,1392028540/1418980637
0,1310004951/1418980637
1,1310004951/1418980637
1,635352401235/11590233843016
0,635352401235/11590233843016
5
4 6 7 2 3
4 5 4 7 6
4 8 9 4 5
4 9 8 11 10
4 10 11 0 1
2718281828459045235360287271352,6930931873341421544770430057/25487193758078012418424832
2718281828459045235360287271353,6930931873341421544770430057/25487193758078012418424832
2718281828459045235360287271353,67166627334049978607/246273012435779584
2718281828459045235360287271352,67166627334049978607/246273012435779584
2718281828459045235360287271353,6807963505647159771017181/24962971359527925972992
2718281828459045235360287271352,6807963505647159771017181/24962971359527925972992
2718281828459045235360287271352,6808684992766019127881693/24962971359527925972992
2718281828459045235360287271353,6808684992766019127881693/24962971359527925972992
2718281828459045235360287271352,6808684992766019127881693/24962971359527925972992
2718281828459045235360287271353,6808684992766019127881693/24962971359527925972992
2718281828459045235360287271353,6929534718635634974525023337/25487193758078012418424832
2718281828459045235360287271352,6929534718635634974525023337/25487193758078012418424832
