36
0,0
1,0
1,1
0,1
1,110426/129795
0,110426/129795
0,1773386347/1939526685
1,1773386347/1939526685
0,1526805089/1939526685
1,1526805089/1939526685
1,26170966030549/77363840411280
0,26170966030549/77363840411280
1,1768885647428849339/1850697790318640160
0,1768885647428849339/1850697790318640160
1,19005264324831217/21772915180219296
0,19005264324831217/21772915180219296
1,90211625268320203/108864575901096480
0,90211625268320203/108864575901096480
0,1380159449743247557/1850697790318640160
1,1380159449743247557/1850697790318640160
0,122865061890105626357/505632409230232711008
1,122865061890105626357/505632409230232711008
1,18634538395774233705043/42978754784569780435680
0,18634538395774233705043/42978754784569780435680
0,2944977883776324753711227/4741989277897532441403360
1,2944977883776324753711227/4741989277897532441403360
1,263302357983472964263249/4741989277897532441403360
0,263302357983472964263249/4741989277897532441403360
0,32051546590740738292646108897/440592449777293431728110387680
1,32051546590740738292646108897/440592449777293431728110387680
0,16876877383896108764536399777/440592449777293431728110387680
1,16876877383896108764536399777/440592449777293431728110387680
1,266039395511887347077516379691/440592449777293431728110387680
0,266039395511887347077516379691/440592449777293431728110387680
1,281214064718731976605626088811/440592449777293431728110387680
0,281214064718731976605626088811/440592449777293431728110387680
17
4 12 13 6 7
4 2 3 13 12
4 14 15 5 4
4 7 6 15 14
4 16 17 8 9
4 4 5 17 16
4 18 19 9 8
4 19 18 35 34
4 34 35 24 25
4 25 24 33 32
4 32 33 23 22
4 22 23 11 10
4 0 1 31 30
4 30 31 26 27
4 27 26 29 28
4 28 29 21 20
4 20 21 10 11
9999999999999999998,75881902089085168291751/592748659737191555175420
9999999999999999999,75881902089085168291751/592748659737191555175420
9999999999999999999,122154451548441404975257/1185497319474383110350840
9999999999999999998,122154451548441404975257/1185497319474383110350840
9999999999999999999,95963414553373018363681/1185497319474383110350840
9999999999999999998,95963414553373018363681/1185497319474383110350840
9999999999999999998,237784012119936354472087/2370994638948766220701680
9999999999999999999,237784012119936354472087/2370994638948766220701680
9999999999999999998,237784012119936354472087/2370994638948766220701680
9999999999999999999,237784012119936354472087/2370994638948766220701680
9999999999999999999,1963418622541291248391/21489377392284890217840
9999999999999999998,1963418622541291248391/21489377392284890217840
9999999999999999999,92997641673132801062179/1580663092632510813801120
9999999999999999998,92997641673132801062179/1580663092632510813801120
9999999999999999999,92997641673132801062179/1580663092632510813801120
9999999999999999998,92997641673132801062179/1580663092632510813801120
9999999999999999999,92997641673132801062179/1580663092632510813801120
9999999999999999998,92997641673132801062179/1580663092632510813801120
9999999999999999998,92997641673132801062179/1580663092632510813801120
9999999999999999999,92997641673132801062179/1580663092632510813801120
9999999999999999998,-168666822475045235567/42978754784569780435680
9999999999999999999,-168666822475045235567/42978754784569780435680
9999999999999999999,-168666822475045235567/42978754784569780435680
9999999999999999998,-168666822475045235567/42978754784569780435680
9999999999999999998,3864286125347009172494895913/25917202928076084219300611040
9999999999999999999,3864286125347009172494895913/25917202928076084219300611040
9999999999999999999,3864286125347009172494895913/25917202928076084219300611040
9999999999999999998,3864286125347009172494895913/25917202928076084219300611040
9999999999999999998,73280198734321470696468085081/440592449777293431728110387680
9999999999999999999,73280198734321470696468085081/440592449777293431728110387680
9999999999999999998,73280198734321470696468085081/440592449777293431728110387680
9999999999999999999,73280198734321470696468085081/440592449777293431728110387680
9999999999999999999,73280198734321470696468085081/440592449777293431728110387680
9999999999999999998,73280198734321470696468085081/440592449777293431728110387680
9999999999999999999,73280198734321470696468085081/440592449777293431728110387680
9999999999999999998,73280198734321470696468085081/440592449777293431728110387680
