38
0,0
1,0
1,1
0,1
1,11953/20017
0,11953/20017
0,584728807/607295763
1,584728807/607295763
0,140555327/607295763
1,140555327/607295763
1,86848752862/1644354494283
0,86848752862/1644354494283
1,2022915583856/4933063482849
0,2022915583856/4933063482849
1,3868567436626/4933063482849
0,3868567436626/4933063482849
0,90064754989411624/98787884953039791
1,90064754989411624/98787884953039791
0,194629586812125532/296363654859119373
1,194629586812125532/296363654859119373
0,4305757800253286/8009828509705929
1,4305757800253286/8009828509705929
0,27916120151087414/98787884953039791
1,27916120151087414/98787884953039791
0,53435176655125792/296363654859119373
1,53435176655125792/296363654859119373
0,7688287125090582686/263664864939663202179
1,7688287125090582686/263664864939663202179
1,6721109512348211242/87888288313221067393
0,6721109512348211242/87888288313221067393
1,305652874931153761568/790994594818989606537
0,305652874931153761568/790994594818989606537
1,343077999167015914688/790994594818989606537
0,343077999167015914688/790994594818989606537
1,601594868082959882578/790994594818989606537
0,601594868082959882578/790994594818989606537
1,639019992318822035698/790994594818989606537
0,639019992318822035698/790994594818989606537
18
4 6 7 2 3
4 16 17 7 6
4 17 16 37 36
4 36 37 15 14
4 14 15 35 34
4 34 35 18 19
4 5 4 19 18
4 20 21 4 5
4 21 20 33 32
4 32 33 13 12
4 12 13 31 30
4 30 31 22 23
4 8 9 23 22
4 24 25 9 8
4 25 24 29 28
4 28 29 11 10
4 0 1 27 26
4 26 27 10 11
-9999999999999999999,246700123/9716732208
-9999999999999999998,246700123/9716732208
-9999999999999999998,136054110406692839/1580606159248636656
-9999999999999999999,136054110406692839/1580606159248636656
-9999999999999999998,191930648114078101/4741818477745909968
-9999999999999999999,191930648114078101/4741818477745909968
-9999999999999999999,231957563351018101/4741818477745909968
-9999999999999999998,231957563351018101/4741818477745909968
-9999999999999999999,231957563351018101/4741818477745909968
-9999999999999999998,231957563351018101/4741818477745909968
-9999999999999999998,6802346400708773357/342051716678481992016
-9999999999999999999,6802346400708773357/342051716678481992016
-9999999999999999998,6802346400708773357/342051716678481992016
-9999999999999999999,6802346400708773357/342051716678481992016
-9999999999999999998,6802346400708773357/342051716678481992016
-9999999999999999999,6802346400708773357/342051716678481992016
-9999999999999999999,12823325236111073/128157256155294864
-9999999999999999998,12823325236111073/128157256155294864
-9999999999999999999,12823325236111073/128157256155294864
-9999999999999999998,12823325236111073/128157256155294864
-9999999999999999999,12823325236111073/128157256155294864
-9999999999999999998,12823325236111073/128157256155294864
-9999999999999999999,12823325236111073/128157256155294864
-9999999999999999998,12823325236111073/128157256155294864
-9999999999999999999,12823325236111073/128157256155294864
-9999999999999999998,12823325236111073/128157256155294864
-9999999999999999999,-47714177060672610751/12655913517103833704592
-9999999999999999998,-47714177060672610751/12655913517103833704592
-9999999999999999998,-47714177060672610751/12655913517103833704592
-9999999999999999999,-47714177060672610751/12655913517103833704592
-9999999999999999998,-47714177060672610751/12655913517103833704592
-9999999999999999999,-47714177060672610751/12655913517103833704592
-9999999999999999998,-47714177060672610751/12655913517103833704592
-9999999999999999999,-47714177060672610751/12655913517103833704592
-9999999999999999998,-47714177060672610751/12655913517103833704592
-9999999999999999999,-47714177060672610751/12655913517103833704592
-9999999999999999998,-47714177060672610751/12655913517103833704592
-9999999999999999999,-47714177060672610751/12655913517103833704592
