34
0,0
1,0
1,1
0,1
9062/11219,0
9062/11219,1
28880594/441972505,1
28880594/441972505,0
2646054077442/58033199769025,0
2646054077442/58033199769025,1
4938278712898/58033199769025,0
4938278712898/58033199769025,1
2602926110635322/18396524326780925,1
2602926110635322/18396524326780925,0
34645401913855034258/45627059635282050185,0
34645401913855034258/45627059635282050185,1
39063915211544010002/45627059635282050185,1
39063915211544010002/45627059635282050185,0
3169388264875485482931262/3459215526248908634775775,0
3169388264875485482931262/3459215526248908634775775,1
2418883612986643057640638/3459215526248908634775775,1
2418883612986643057640638/3459215526248908634775775,0
63062661784757344045600720078/94398532495806467734396123975,0
63062661784757344045600720078/94398532495806467734396123975,1
68955168044827660754310020686/94398532495806467734396123975,0
68955168044827660754310020686/94398532495806467734396123975,1
74401652426959163474356775374/94398532495806467734396123975,1
74401652426959163474356775374/94398532495806467734396123975,0
89435689490222281698065859022/94398532495806467734396123975,1
89435689490222281698065859022/94398532495806467734396123975,0
83543183230151964989356558414/94398532495806467734396123975,1
83543183230151964989356558414/94398532495806467734396123975,0
78096698848020462269309803726/94398532495806467734396123975,0
78096698848020462269309803726/94398532495806467734396123975,1
16
4 17 16 33 32
4 32 33 5 4
4 16 17 31 30
4 30 31 18 19
4 19 18 29 28
4 28 29 1 2
4 15 14 27 26
4 26 27 4 5
4 14 15 25 24
4 24 25 20 21
4 21 20 23 22
4 22 23 12 13
4 11 10 13 12
4 10 11 6 7
4 7 6 9 8
4 8 9 3 0
131251602534057637/7505781925326617400,0
2200195/4577352,0
2200195/4577352,1
131251602534057637/7505781925326617400,1
19783857251015135691042889189391/38514601258289038835633618581800,0
19783857251015135691042889189391/38514601258289038835633618581800,1
25019082305263657/577367840409739800,1
25019082305263657/577367840409739800,0
473481652694096149/7505781925326617400,0
473481652694096149/7505781925326617400,1
473481652694096149/7505781925326617400,0
473481652694096149/7505781925326617400,1
50185015166260501/7505781925326617400,1
50185015166260501/7505781925326617400,0
711882586645051635835822823/1411359934709554722988516200,0
711882586645051635835822823/1411359934709554722988516200,1
711882586645051635835822823/1411359934709554722988516200,1
711882586645051635835822823/1411359934709554722988516200,0
19335575443857296036636609649167/38514601258289038835633618581800,0
19335575443857296036636609649167/38514601258289038835633618581800,1
19335575443857296036636609649167/38514601258289038835633618581800,1
19335575443857296036636609649167/38514601258289038835633618581800,0
20537646720911640645213306973199/38514601258289038835633618581800,0
20537646720911640645213306973199/38514601258289038835633618581800,1
20537646720911640645213306973199/38514601258289038835633618581800,0
20537646720911640645213306973199/38514601258289038835633618581800,1
20537646720911640645213306973199/38514601258289038835633618581800,1
20537646720911640645213306973199/38514601258289038835633618581800,0
20537646720911640645213306973199/38514601258289038835633618581800,1
20537646720911640645213306973199/38514601258289038835633618581800,0
20537646720911640645213306973199/38514601258289038835633618581800,1
20537646720911640645213306973199/38514601258289038835633618581800,0
20537646720911640645213306973199/38514601258289038835633618581800,0
20537646720911640645213306973199/38514601258289038835633618581800,1
