28
0,0
1,0
1,1
0,1
144156/161249,0
144156/161249,1
78420864/5925094505,1
78420864/5925094505,0
793070101528/13218885840655,0
793070101528/13218885840655,1
12039518794036468/200490841545214385,1
12039518794036468/200490841545214385,0
12017469665713884/200490841545214385,1
12017469665713884/200490841545214385,0
1924412613363078328016/2336720758209473657175,0
1924412613363078328016/2336720758209473657175,1
2253626538761212483384/2336720758209473657175,1
2253626538761212483384/2336720758209473657175,0
7633495620777892736290132/61102911106419526661469075,1
7633495620777892736290132/61102911106419526661469075,0
6075751355575250100581558948404/7640857930946655389490046359675,0
6075751355575250100581558948404/7640857930946655389490046359675,1
6509546504744363150490567509228/7640857930946655389490046359675,1
6509546504744363150490567509228/7640857930946655389490046359675,0
7586045193780665958771703682996/7640857930946655389490046359675,0
7586045193780665958771703682996/7640857930946655389490046359675,1
7152250044611552908862695122172/7640857930946655389490046359675,0
7152250044611552908862695122172/7640857930946655389490046359675,1
13
4 17 16 27 26
4 26 27 5 4
4 1 2 25 24
4 24 25 16 17
4 15 14 23 22
4 22 23 4 5
4 14 15 21 20
4 20 21 18 19
4 10 11 19 18
4 9 8 11 10
4 12 13 8 9
4 6 7 13 12
4 3 0 7 6
1219773617363603994913293069432332622781123780750854924388397/98757217813915607214517796369143943587350,4523732452352352565
22532656910338228914778743934310196279675/1824324181752794532734,4523732452352352565
22532656910338228914778743934310196279675/1824324181752794532734,4523732452352352566
1219773617363603994913293069432332622781123780750854924388397/98757217813915607214517796369143943587350,4523732452352352566
46647046440154651993278082908887857421899255977687163441/3776711071701235504780978101233085150,4523732452352352565
46647046440154651993278082908887857421899255977687163441/3776711071701235504780978101233085150,4523732452352352566
1219773617363603994911985980348661804075617391712315136406317/98757217813915607214517796369143943587350,4523732452352352566
1219773617363603994911985980348661804075617391712315136406317/98757217813915607214517796369143943587350,4523732452352352565
1219773617363603994916592992402610515859283732643382536505357/98757217813915607214517796369143943587350,4523732452352352565
1219773617363603994916592992402610515859283732643382536505357/98757217813915607214517796369143943587350,4523732452352352566
1219773617363603994916598422851581596004445755506879984643477/98757217813915607214517796369143943587350,4523732452352352566
1219773617363603994916598422851581596004445755506879984643477/98757217813915607214517796369143943587350,4523732452352352565
1219773617363603994916598422851581596004445755506879984643477/98757217813915607214517796369143943587350,4523732452352352566
1219773617363603994916598422851581596004445755506879984643477/98757217813915607214517796369143943587350,4523732452352352565
152531471077701315967451036422926389635477223990611324057702742021/12349491330412332766568235918165081001654530150,4523732452352352565
152531471077701315967451036422926389635477223990611324057702742021/12349491330412332766568235918165081001654530150,4523732452352352566
152531471077701315967451036422926389635477223990611324057702742021/12349491330412332766568235918165081001654530150,4523732452352352566
152531471077701315967451036422926389635477223990611324057702742021/12349491330412332766568235918165081001654530150,4523732452352352565
1219773617363603994910191223295863247304877539535509913691941/98757217813915607214517796369143943587350,4523732452352352566
1219773617363603994910191223295863247304877539535509913691941/98757217813915607214517796369143943587350,4523732452352352565
152531471077701315967801595841924458111601861066543890729614199677/12349491330412332766568235918165081001654530150,4523732452352352565
152531471077701315967801595841924458111601861066543890729614199677/12349491330412332766568235918165081001654530150,4523732452352352566
152531471077701315967801595841924458111601861066543890729614199677/12349491330412332766568235918165081001654530150,4523732452352352566
152531471077701315967801595841924458111601861066543890729614199677/12349491330412332766568235918165081001654530150,4523732452352352565
152531471077701315967801595841924458111601861066543890729614199677/12349491330412332766568235918165081001654530150,4523732452352352565
152531471077701315967801595841924458111601861066543890729614199677/12349491330412332766568235918165081001654530150,4523732452352352566
152531471077701315967801595841924458111601861066543890729614199677/12349491330412332766568235918165081001654530150,4523732452352352565
152531471077701315967801595841924458111601861066543890729614199677/12349491330412332766568235918165081001654530150,4523732452352352566
