18
0,0
1,0
1,1
0,1
1,351/39707
0,351/39707
0,38139931/913141879
1,38139931/913141879
1,5652277377304/5792058938497
0,5652277377304/5792058938497
0,147427340912135222/148977547957081337
1,147427340912135222/148977547957081337
0,143337111931137146/148977547957081337
1,143337111931137146/148977547957081337
1,23864470113096674224/675315224889449700621
0,23864470113096674224/675315224889449700621
1,32548397750853510914/675315224889449700621
0,32548397750853510914/675315224889449700621
8
4 10 11 2 3
4 9 8 11 10
4 12 13 8 9
4 13 12 17 16
4 16 17 6 7
4 7 6 15 14
4 14 15 5 4
4 4 5 0 1
0,60135968/913141879
1,60135968/913141879
1,5512495816111/5792058938497
0,5512495816111/5792058938497
1,68207915/913141879
0,68207915/913141879
0,2837720120748609943/51947324991496130817
1,2837720120748609943/51947324991496130817
1,141291997440638108/148977547957081337
0,141291997440638108/148977547957081337
0,143337111931137146/148977547957081337
1,143337111931137146/148977547957081337
0,143337111931137146/148977547957081337
1,143337111931137146/148977547957081337
1,32548397750853510914/675315224889449700621
0,32548397750853510914/675315224889449700621
1,32548397750853510914/675315224889449700621
0,32548397750853510914/675315224889449700621
